facecream_prop=0.137041
facewash_prop=0.0772095
toothpaste_prop=0.2428
bathingsoap_prop=0.371897
shampoo_prop=0.0938431
moisturizer_prop=0.0772095
Product totals:
Face Cream: 2760
Face Wash: 1555
Toothpaste: 4890
Bathing Soap: 7490
Shampoo: 1890
Moisturizer: 1555
Total: 20140
